-4.513741579876976995e-01 3.084799345380836305e-02
-3.623970648781794646e-01 2.584427821701223982e-02
-4.687925217467866501e-01 3.296133092113903013e-02
-1.007684992402571415e-02 -3.402433065812283108e-01
-1.567035949741986400e-02 -3.875019344520644893e-01
-1.664562709510638075e-02 -5.200009682566377744e-01
-4.746835605425103743e-03 -1.888714896048698244e-01
-4.671277389616773634e-01 3.898310603305324418e-03
-4.722318801013505873e-01 2.853951526794319682e-02
-1.591788010205853407e-02 -3.920509279437524031e-01
-5.524440246391422449e-02 -5.203495853150582606e-01
