[[0.         0.         0.21821789 0.         0.         0.
  0.43643578 0.         0.         0.         0.         0.
  0.         0.21821789 0.         0.         0.         0.
  0.         0.21821789 0.21821789 0.         0.43643578 0.
  0.21821789 0.         0.43643578 0.21821789 0.         0.
  0.         0.21821789 0.21821789 0.         0.         0.
  0.21821789]
 [0.         0.         0.         0.2410822  0.         0.
  0.         0.2410822  0.         0.2410822  0.2410822  0.
  0.         0.         0.         0.         0.         0.2410822
  0.55004769 0.         0.         0.         0.         0.2410822
  0.         0.         0.         0.         0.48216441 0.
  0.         0.         0.         0.         0.2410822  0.2410822
  0.        ]
 [0.15508369 0.15508369 0.         0.         0.62033475 0.46525106
  0.         0.         0.15508369 0.         0.         0.15508369
  0.15508369 0.         0.15508369 0.15508369 0.15508369 0.
  0.11794514 0.         0.         0.15508369 0.         0.
  0.         0.15508369 0.         0.         0.         0.31016737
  0.15508369 0.         0.         0.15508369 0.         0.
  0.        ]]
